# minimal_valid_fraction ::  30.00
# operating on monthly mean air.2m from the NCEP Reanalysis
# <a href=http://climexp.knmi.nl/select.cgi?field=nair>climexp.knmi.nl/select.cgi?field=nair</a>
# file :: NCEPNCAR40/air.2m.mon.mean.nc
# title :: spatial statistic of monthly mean air.2m from the NCEP Reanalysis
# description :: Data is from NMC initialized reanalysis\n(4x/day).  It consists of T62 variables interpolated to\npressure surfaces from model (sigma) surface
# platform :: Model
# nco :: 20121012
# dataset_title :: NCEP-NCAR Reanalysis 1
# references :: http://www.psl.noaa.gov/data/gridded/data.ncep.reanalysis.derived.html
# institution :: KNMI Climate Explorer
# scripturl01 :: http://climexp.knmi.nl/get_index.cgi?email=someone@somewhere&field=nair&gridpoints=false&intertype=nearest&lat1=-5&lat2=5&lon1=-150&lon2=-130&masktype=all&minfac=30
# history ::  2024-03-07 15:32:57 bin/get_index NCEPNCAR40/air.2m.mon.mean.nc -150 -130 -5 5 dipole no minfac 30 nearest lsmask NCEPNCAR40/lsmask.nc all nair_-150--130E_-5-5N_n\ncreated 97/10/04 by Hoop (netCDF2.3)\nConverted to chunked, deflated non-packed NetCDF4 2014/09
# ave_region :: lon=  209.062  229.688, lat=   -5.714    5.714
# averaging anomalies over region lon=  209.062  229.688, lat=   -5.714    5.714
# air [degK] Monthly Mean of Air Temperature
 1948   298.6160       299.0159       298.9751       299.3194       299.3723       299.3151       299.1053       298.9488       298.5358       298.1969       298.2649       298.5799    
 1949   298.5936       298.7679       298.5793       299.0967       299.3705       299.0731       298.8288       298.8300       298.5511       298.0752       297.5285       297.7083    
 1950   297.8560       297.9511       298.3881       298.6707       298.6003       298.7328       298.6120       298.5426       298.2475       297.9737       297.8593       297.9814    
 1951   298.0108       298.4212       298.8762       299.1674       299.4810       299.5086       299.2129       299.3048       299.0876       299.1803       299.0346       299.0388    
 1952   299.0179       299.1046       299.1852       299.6582       299.6260       299.4347       299.1395       298.9528       298.9536       298.9922       298.6125       298.7017    
 1953   298.9798       299.0311       299.2478       299.5327       299.5547       299.7801       299.2067       299.1281       299.0171       298.7752       298.7066       298.7629    
 1954   298.8955       298.8567       299.2073       299.4578       299.3546       299.0028       298.6303       298.4048       298.3224       298.2064       298.0501       297.9962    
 1955   298.2789       298.5547       298.7940       299.1550       299.1190       299.0376       298.7179       298.3044       297.9305       297.5691       297.5074       297.8079    
 1956   298.1035       298.5496       298.9829       299.2141       299.2591       299.0664       298.6943       298.3199       298.3604       298.4071       298.4227       298.6820    
 1957   298.7513       299.1690       299.3766       299.6977       299.9916       299.8827       299.6601       299.4948       299.2808       299.2216       299.6320       299.6575    
 1958   299.9661       299.8719       299.8161       300.0367       299.9086       299.5950       299.3044       299.0709       298.7655       298.8107       298.8051       299.1270    
 1959   299.2160       299.3481       299.3396       299.6049       299.7707       299.3610       299.0258       298.5939       298.4827       298.6056       298.6101       298.8417    
 1960   298.7917       298.8220       299.2277       299.5720       299.6049       299.4188       299.0768       298.9713       298.7043       298.5966       298.4483       298.6904    
 1961   298.8397       298.7308       299.2282       299.7297       299.7912       299.7138       299.0695       298.8134       298.6816       298.5928       298.2785       298.4070    
 1962   298.4779       298.6203       298.9114       299.5086       299.5043       299.2079       299.1292       298.7876       298.6238       298.5211       298.3226       298.3217    
 1963   298.2685       298.4610       299.2089       299.4672       299.7176       299.5599       299.4740       299.3921       299.3311       299.2061       299.0774       299.4224    
 1964   299.3257       299.2165       299.1751       299.1978       299.1042       298.7118       298.4879       298.1690       298.1724       297.9967       297.9666       297.8597    
 1965   298.2355       298.4130       298.8590       299.0549       299.4577       299.4719       299.3000       299.2868       299.3386       299.3311       299.5252       299.5211    
 1966   299.4969       299.4944       299.5743       299.7373       299.5236       299.2723       299.1349       298.7180       298.5961       298.5869       298.3779       298.3672    
 1967   298.2272       298.3946       298.7615       299.1914       299.3481       299.2127       298.9124       298.6695       298.2416       298.4208       298.2987       298.3791    
 1968   298.1830       298.3051       298.5187       299.0845       299.1592       299.3236       299.2288       299.1446       298.8910       298.9863       299.1168       299.2074    
 1969   299.5666       299.6334       299.8524       299.9638       299.9385       299.6024       299.2365       299.0966       299.1989       299.1704       299.2120       299.1577    
 1970   299.2503       299.3079       299.4115       299.8453       299.5344       299.1501       298.4353       298.0942       298.1350       298.2865       298.0413       297.8575    
 1971   297.9371       298.0647       298.3076       298.9023       298.8291       298.7956       298.5815       298.3690       298.1480       298.1112       298.0286       298.2324    
 1972   298.2973       298.5091       298.9176       299.5831       299.8279       299.7123       299.9321       299.7276       299.7765       299.9007       300.1513       300.2537    
 1973   299.9995       300.0364       299.9433       299.6931       299.2202       298.9155       298.4481       298.0153       297.8177       297.5678       297.1543       297.1469    
 1974   297.2165       297.5384       298.1846       298.8769       298.9662       298.8697       298.6536       298.8240       298.4301       298.3870       298.3138       298.3751    
 1975   298.3118       298.3768       298.7862       299.0561       298.7457       298.4384       298.1183       297.8135       297.6404       297.5824       297.5246       297.1584    
 1976   297.1591       297.7089       298.5041       298.8954       299.0048       299.0716       299.1268       298.9909       299.4012       299.3067       299.3885       299.2384    
 1977   299.3085       299.3047       299.7619       299.8054       299.7910       299.7871       299.5859       299.1732       299.1350       299.1580       299.4717       299.7843    
 1978   299.2921       299.7200       299.4700       299.4748       299.2845       299.1943       298.9004       298.6781       298.5175       298.3203       298.5339       298.7317    
 1979   298.9311       299.1437       299.3446       299.5847       299.7106       299.7039       299.2659       299.2339       299.7766       299.5993       299.5757       299.4899    
 1980   299.4344       299.4461       299.6751       300.2137       300.0446       299.8802       299.4062       299.0123       298.8994       298.7965       298.9464       299.0661    
 1981   298.7925       298.7472       299.3050       299.4493       299.5742       299.2868       298.9120       298.7612       298.7122       298.8775       298.5707       298.7403    
 1982   299.0168       299.0351       299.2667       299.8841       300.0475       300.2332       299.8546       299.8237       299.9126       300.1566       300.6389       300.9640    
 1983   301.3473       301.2473       301.0678       300.6423       300.3511       299.8297       299.1783       298.8290       298.7437       298.4088       298.2760       298.2521    
 1984   298.2280       298.7857       299.1312       299.4229       299.4813       299.0906       298.8459       298.5576       298.4563       298.3167       297.9949       297.5604    
 1985   298.0897       298.1476       298.9206       299.3056       299.3837       299.2698       298.9950       298.6784       298.4848       298.4198       298.5787       298.5068    
 1986   298.2289       298.4614       298.8851       299.5837       299.6759       299.5286       299.2267       299.1576       299.4225       299.4203       299.6908       299.7157    
 1987   299.8794       300.0988       300.3219       300.4539       300.4959       300.5917       300.3756       300.1709       300.1063       300.1261       299.9615       299.8655    
 1988   299.5756       299.4884       299.7359       299.7267       298.8055       298.4102       298.1154       297.4865       297.9521       297.4519       297.0650       297.0800    
 1989   297.2632       297.9070       298.3821       298.9911       299.1607       299.0482       298.8242       298.5681       298.5870       298.5723       298.5092       298.5393    
 1990   298.6790       299.2823       299.5595       299.8789       300.0025       299.6354       299.4230       299.1899       298.8680       299.0682       298.9690       299.0054    
 1991   299.1411       299.2828       299.4398       299.9223       299.9187       299.9795       299.6548       299.4438       299.3465       299.5867       299.8557       300.1991    
 1992   300.2230       300.4349       300.5432       300.6073       300.2548       300.0048       299.5474       298.8780       298.9367       298.9073       298.9709       299.0524    
 1993   299.0007       299.3022       299.6180       300.2569       300.1631       300.1342       299.5410       298.9579       298.9189       299.1184       298.9732       299.1486    
 1994   298.9618       299.1761       299.3903       299.9933       300.0005       299.8658       299.3829       299.3429       299.1166       299.3800       299.5936       299.7350    
 1995   299.6634       299.6236       299.7536       299.9828       299.8029       299.7166       299.2037       298.9113       298.5137       297.9537       297.9964       297.8365    
 1996   298.2054       298.4585       299.0021       299.4284       299.5048       299.3796       299.2248       298.8559       298.7444       298.6890       298.6735       298.4936    
 1997   298.3290       298.6708       299.3507       299.9248       300.2036       300.3349       300.2158       300.2145       300.4696       300.9237       300.8278       300.9805    
 1998   301.0455       300.6692       300.6705       300.4963       300.7206       298.9228       298.1677       297.7594       297.8228       297.8735       297.9398       297.3514    
 1999   297.5806       297.9073       298.5178       299.0366       299.2405       298.9497       298.7434       298.0127       297.9643       298.1208       297.6133       297.4274    
 2000   297.2722       297.7563       298.2736       299.0157       299.1850       299.1002       298.9883       298.7250       298.5724       298.4651       298.1423       298.1450    
 2001   298.1311       298.6453       298.9646       299.4815       299.5920       299.5915       299.4018       299.1891       298.8802       298.9082       298.6904       298.4528    
 2002   298.5575       298.9970       299.4690       299.7824       300.0201       300.0869       299.8499       299.8396       299.6338       299.7653       299.9104       299.7466    
 2003   299.6287       299.6311       299.7712       299.7375       299.5948       299.4226       299.4565       299.0663       299.1134       299.3830       299.1657       299.2956    
 2004   298.9615       299.1327       299.3275       299.8977       300.1210       299.9049       299.5502       299.7717       299.4940       299.6102       299.4674       299.7207    
 2005   299.5412       299.5872       299.6987       300.1058       300.3151       300.2337       299.7657       299.3210       299.2616       299.1996       298.8703       298.4003    
 2006   298.3394       298.6658       298.9793       299.8500       300.0143       299.8900       299.4054       299.4705       299.5988       299.7238       299.6326       299.7716    
 2007   299.6862       299.2002       299.5049       299.7008       299.8139       299.8315       299.1719       298.5899       298.2243       297.6052       297.6244       297.4485    
 2008   297.5492       297.5943       298.5812       299.0489       299.2052       299.4827       299.5077       299.2906       299.0575       298.7864       298.8725       298.3997    
 2009   298.1167       298.6900       299.2672       299.7644       300.0573       300.1901       300.0721       299.7737       299.9156       299.7706       300.3418       300.2851    
 2010   300.2772       300.3411       300.4398       300.4413       299.9514       299.4550       298.5949       298.0530       297.7628       297.6419       297.6646       297.6115    
 2011   297.5594       298.0794       298.5669       299.0316       299.3304       299.4968       299.2671       298.5782       298.3715       298.1474       298.1111       298.1367    
 2012   298.0171       298.1233       298.8970       299.4120       299.7349       299.9086       299.9825       299.8310       299.4745       299.1112       299.3928       298.7961    
 2013   298.7486       298.7228       299.4597       299.8846       299.8524       299.7755       299.1972       298.6252       298.8378       298.6313       298.8246       298.7993    
 2014   298.4157       298.4983       298.8621       299.6405       299.7434       299.6856       299.4692       299.0585       299.1696       299.3081       299.5129       299.6025    
 2015   299.3162       299.4561       299.9273       300.3091       300.7111       300.5925       300.6489       300.4872       300.6351       300.9513       301.2267       301.2480    
 2016   301.3636       301.2517       300.8490       300.9020       300.5120       299.6997       299.1568       298.7366       298.6031       298.5602       298.5590       298.7367    
 2017   298.9435       299.1758       299.4541       300.0028       300.0918       300.1264       299.8961       299.1537       298.6541       298.7495       298.3081       298.0679    
 2018   298.3130       298.4904       298.8764       299.4490       299.6597       299.9586       299.9074       299.5810       299.3550       299.3339       299.7327       299.6370    
 2019   299.5284       299.6472       300.3088       300.3311       300.6140       300.4841       300.2170       299.5095       298.9138       299.1844       299.3773       299.1739    
 2020   299.3850       299.2712       299.7692       299.9774       299.7306       299.6051       299.4713       298.8983       298.4930       298.0430       297.6223       298.0478    
 2021   298.1901       298.6785       299.1063       299.4753       299.6779       299.6040       299.3914       298.8809       298.7282       298.3468       298.1024       298.1221    
 2022   297.9576       298.4079       298.7367       299.1001       299.1953       299.3455       299.3092       298.6559       298.5526       298.4143       298.2022       298.2080    
 2023   298.1909       298.5786       298.9425       299.7753       300.2572       300.3579       300.2222       300.3178       300.4192       300.1945       300.4662       300.5031    
 2024   300.5142      -999.9000      -999.9000      -999.9000      -999.9000      -999.9000      -999.9000      -999.9000      -999.9000      -999.9000      -999.9000      -999.9000    
