# minimal_valid_fraction ::  30.00
# operating on monthly mean air.2m from the NCEP Reanalysis
# <a href=http://climexp.knmi.nl/select.cgi?field=nair>climexp.knmi.nl/select.cgi?field=nair</a>
# file :: NCEPNCAR40/air.2m.mon.mean.nc
# title :: spatial statistic of monthly mean air.2m from the NCEP Reanalysis
# description :: Data is from NMC initialized reanalysis\n(4x/day).  It consists of T62 variables interpolated to\npressure surfaces from model (sigma) surface
# platform :: Model
# nco :: 20121012
# dataset_title :: NCEP-NCAR Reanalysis 1
# references :: http://www.psl.noaa.gov/data/gridded/data.ncep.reanalysis.derived.html
# institution :: KNMI Climate Explorer
# scripturl01 :: http://climexp.knmi.nl/get_index.cgi?email=someone@somewhere&field=nair&gridpoints=false&intertype=nearest&lat1=-5&lat2=5&lon1=-100&lon2=-80&masktype=all&minfac=30
# history ::  2024-03-07 15:35:03 bin/get_index NCEPNCAR40/air.2m.mon.mean.nc -100 -80 -5 5 dipole no minfac 30 nearest lsmask NCEPNCAR40/lsmask.nc all nair_-100--80E_-5-5N_n\ncreated 97/10/04 by Hoop (netCDF2.3)\nConverted to chunked, deflated non-packed NetCDF4 2014/09
# ave_region :: lon=  259.688  280.312, lat=   -5.714    5.714
# averaging anomalies over region lon=  259.688  280.312, lat=   -5.714    5.714
# air [degK] Monthly Mean of Air Temperature
 1948   297.6197       298.8755       299.1820       299.1378       298.4855       297.4321       296.2870       295.9296       295.6064       295.5316       296.0616       296.9431    
 1949   297.8223       298.8613       299.3564       299.1979       298.2098       297.3069       295.9532       295.5518       295.1217       294.8157       295.1354       295.8495    
 1950   296.4469       297.4871       298.3714       298.2155       297.5764       296.6424       296.1425       295.6898       295.5444       295.3566       295.1216       296.2499    
 1951   297.7035       298.3376       298.9066       299.0303       298.7969       298.5361       298.3831       297.4281       296.9523       297.0372       297.1795       297.5491    
 1952   298.1577       298.8875       299.2151       298.7870       298.2825       297.3405       296.0756       295.5426       295.3674       295.6685       295.6399       296.4927    
 1953   297.7455       298.9165       299.5029       299.6644       299.1506       298.2389       297.3406       296.7686       296.6049       296.2604       296.6826       297.0464    
 1954   297.6216       298.2614       298.7864       297.6515       296.8983       296.0279       295.3846       294.9958       294.7976       294.6702       295.1849       295.8586    
 1955   297.3879       298.4668       298.8627       298.4924       297.3595       296.4243       295.9729       295.4308       295.0881       294.7659       294.9848       295.6761    
 1956   296.7538       298.2505       299.1055       298.9524       298.1194       297.2853       296.6072       295.9344       295.5172       295.3589       295.4480       296.0978    
 1957   297.3708       298.9362       299.6326       299.8934       299.8239       299.1310       298.3300       297.5721       297.0197       296.8396       297.4052       297.9003    
 1958   298.6069       299.4080       299.8668       299.8406       298.9623       298.0995       297.4258       296.4692       296.1704       296.2488       296.3676       296.8977    
 1959   297.8608       298.9178       299.4992       299.4868       298.5217       297.3949       296.5936       295.8827       295.8923       296.1608       296.4826       297.1880    
 1960   297.9314       298.6423       299.0336       298.8439       298.0334       297.3193       296.4723       296.0618       296.0159       295.6180       295.8480       296.7342    
 1961   297.9314       299.0685       299.5484       299.2603       298.5778       297.4576       296.2452       295.7101       295.2953       295.7000       296.2518       296.9216    
 1962   297.8689       298.6327       298.6351       298.2712       297.9562       297.0313       296.4705       296.0788       295.7682       295.6682       295.7420       296.3765    
 1963   297.5508       298.2480       299.2089       298.8484       298.5962       297.8733       297.2622       296.9166       296.6083       296.6101       296.5841       297.3017    
 1964   298.0451       298.6675       298.9985       298.3952       297.2083       296.4272       295.9092       295.1088       295.2501       295.2885       295.7310       295.8770    
 1965   297.2962       298.6369       299.5094       299.3827       299.4668       298.7985       298.1382       297.3572       296.9528       296.9449       297.2945       297.9400    
 1966   298.9445       299.1313       299.0695       298.6154       297.8191       297.0036       296.5995       295.8936       295.6912       295.8452       295.9937       296.4776    
 1967   297.5660       298.6032       298.9451       298.8073       298.2796       297.3846       296.3825       295.5658       295.1759       295.4145       295.4301       296.0351    
 1968   297.0217       297.9074       298.2575       298.0992       297.4528       296.8329       296.6206       296.4474       296.4216       296.4356       296.6801       297.3371    
 1969   298.1715       299.0560       299.9925       300.1125       299.8036       298.8028       297.5955       296.8188       296.6571       297.0259       297.3125       297.8360    
 1970   298.4545       299.0123       298.9404       298.8230       297.6998       296.6419       295.2358       294.9561       295.2131       295.4842       295.6599       296.2173    
 1971   297.0059       297.7832       298.6901       298.7527       297.9227       296.9668       296.3081       295.3928       295.1611       295.4478       295.6238       296.1703    
 1972   297.7648       298.9566       299.4195       299.7670       299.5556       298.8905       298.7348       298.2765       297.7075       297.9502       298.2314       298.9615    
 1973   299.6669       299.8347       299.6778       299.0189       297.8286       296.8603       295.9796       295.2404       295.0871       295.0437       295.7342       296.1508    
 1974   297.1649       298.1692       298.8160       299.1273       298.6165       297.6852       296.7925       296.2370       295.6624       295.3999       295.8147       296.3147    
 1975   297.2916       298.3323       299.1581       299.0976       297.8018       296.8467       295.9765       295.4117       294.8573       294.8678       295.2628       295.5861    
 1976   296.8477       298.0259       299.0434       299.1172       299.0822       298.7935       298.2878       297.3524       297.0207       296.7780       297.0417       297.6725    
 1977   298.5581       299.2209       299.7451       299.0303       298.1087       297.5029       296.7577       295.6600       295.7220       296.1976       296.4633       296.9892    
 1978   297.9016       299.0542       299.1161       298.7965       297.9590       296.7463       295.9926       295.5059       295.5034       295.7930       296.4770       297.1791    
 1979   298.1469       298.9616       299.3360       299.4906       298.6586       298.0064       297.2447       296.8520       296.9012       296.9092       296.9932       297.3130    
 1980   298.3472       298.8903       299.5349       299.4102       298.9372       298.1162       296.9285       296.1799       296.0267       296.0095       296.3847       296.6824    
 1981   297.3446       298.5839       299.2329       298.9814       298.2600       297.5173       296.4860       295.7773       295.9773       296.1761       296.4525       297.2803    
 1982   298.0043       298.9234       298.9946       298.9416       298.5836       298.0836       297.5359       297.1633       297.2532       297.7663       298.8265       299.4550    
 1983   300.2060       300.4646       301.1416       301.2046       300.9706       300.5686       299.8875       298.5410       297.1213       296.7177       296.6148       297.0956    
 1984   297.5530       298.3958       299.1953       299.0344       297.6056       296.8690       296.3545       295.6194       295.8256       295.7154       296.1729       296.6727    
 1985   297.2054       298.0881       298.5581       298.3761       297.2016       296.7000       295.7969       295.1781       295.1684       295.4653       295.5200       296.2176    
 1986   297.7203       298.7317       299.1954       298.7647       298.2079       297.0768       296.6390       296.4174       296.1860       296.4630       296.8952       297.4239    
 1987   298.7435       299.8949       300.2899       300.4771       299.7235       298.5923       297.6806       296.8412       296.9738       297.2198       297.4287       297.8640    
 1988   298.4397       299.0634       299.1397       298.3361       297.6003       296.0054       295.3544       294.7195       295.0293       295.0654       295.6053       296.0662    
 1989   297.5255       298.7375       298.6357       298.8851       297.7036       297.1070       296.5242       295.8520       295.6877       295.8722       296.1196       296.5510    
 1990   297.6378       298.7820       299.1805       299.1489       298.7435       297.8298       296.4299       295.9554       295.8804       295.7873       296.1412       296.9235    
 1991   297.6981       299.0767       299.6578       298.6492       298.8245       298.2257       297.2400       296.3374       295.8843       296.1221       296.8962       297.4123    
 1992   298.4724       299.4841       300.2781       300.5306       299.8506       298.2146       296.5920       295.9071       295.3589       295.7519       296.3705       296.6861    
 1993   297.6281       299.0985       299.7455       299.9326       299.3016       298.3464       296.9529       296.3031       296.0139       296.2919       296.4351       296.8365    
 1994   297.9477       298.8642       298.6648       298.1729       297.8896       297.1658       296.3590       295.4498       295.6761       296.4207       296.8846       297.6771    
 1995   298.5845       299.3958       299.1527       298.5480       297.5907       297.1652       296.5313       295.7087       295.6317       295.6526       296.0105       296.1622    
 1996   297.3161       298.6287       299.2499       298.1149       297.5696       296.8036       295.8803       295.3930       295.2245       295.3940       295.1724       295.8805    
 1997   296.7599       298.6653       299.4709       299.5339       299.8637       299.6227       299.4910       299.2337       298.9778       298.9559       299.4652       299.9985    
 1998   300.6128       301.1230       301.1413       301.0018       300.6518       299.3465       297.9413       296.8869       296.2756       296.2253       296.1983       296.6252    
 1999   297.0694       298.3124       299.2875       298.3786       298.2145       296.9265       295.9405       295.4017       294.8921       295.1160       295.1248       295.5519    
 2000   296.8163       298.1384       298.6398       299.0468       298.3641       297.1232       296.0214       295.6559       295.4089       295.7163       295.3354       296.2830    
 2001   296.9764       298.4102       299.1334       299.2977       298.1985       297.1358       296.4954       295.8484       295.3828       295.3360       295.6406       296.3041    
 2002   297.3109       298.6391       299.8332       299.4358       298.8390       297.7002       296.4340       295.9059       295.9430       296.6219       297.1027       297.7150    
 2003   298.2485       298.8903       299.4336       298.5690       297.4403       296.8895       296.4680       296.2195       295.9662       296.4060       296.7990       297.0480    
 2004   297.9330       298.8007       299.0003       298.9158       297.6191       297.0338       296.1154       295.5026       295.7855       296.1898       296.8082       297.1682    
 2005   297.8648       298.2363       298.9320       299.0755       298.8710       297.6251       296.8229       296.4136       295.6438       295.2405       295.4636       296.2279    
 2006   297.5679       299.1113       299.3102       298.3560       298.3767       297.7864       297.4420       297.0029       297.0271       297.3837       297.3052       297.6719    
 2007   298.4693       299.1115       298.8982       298.4012       297.5999       296.6780       295.8731       295.1750       294.7123       294.5759       294.7816       295.2723    
 2008   296.9290       298.3932       299.2246       299.3611       298.7476       298.2497       297.6160       297.0726       296.7037       296.3648       296.0845       296.3497    
 2009   297.5666       298.4715       298.6513       299.1625       298.7796       298.2620       297.7284       297.1711       296.6112       296.4885       296.7015       297.3686    
 2010   298.3062       299.1768       299.7050       299.8553       298.9106       297.3913       295.8423       295.3010       294.8425       294.7572       295.0327       295.4539    
 2011   297.1367       298.7146       298.8824       299.0259       298.8690       298.0997       297.2564       296.3393       295.7213       295.2393       295.5670       295.9945    
 2012   297.2070       298.6663       299.2426       299.5587       299.0513       298.5952       297.6820       296.4667       296.3035       295.9032       296.0501       296.2852    
 2013   297.4286       298.4264       299.1132       298.7322       297.7115       296.8001       296.0450       295.5906       295.7590       295.9108       295.9463       296.7509    
 2014   297.8856       298.4300       299.0525       299.2114       299.4331       298.9119       298.0921       297.1898       296.5146       296.7927       297.0375       297.2113    
 2015   298.0112       298.5982       299.2830       299.8111       300.0480       299.7883       299.1699       297.9823       298.0466       298.3826       298.4124       299.2353    
 2016   299.5501       300.1306       300.5022       299.9713       299.2353       298.3522       297.0955       296.4945       296.5041       296.3947       296.2627       297.0073    
 2017   298.1863       299.4850       300.1230       299.8741       299.2041       297.8510       296.9802       295.9793       295.5472       295.5317       295.3561       295.7745    
 2018   296.8187       297.9341       298.7784       298.3773       298.3367       297.5971       297.1772       296.4863       296.1420       296.3477       296.7711       297.2571    
 2019   298.1866       298.9903       299.4899       299.1833       299.1001       298.0122       297.0223       296.1685       295.6332       295.6365       296.2651       297.0297    
 2020   297.7403       298.8463       299.3317       299.3260       298.8279       297.1888       296.1061       295.3126       294.7750       295.1453       295.4865       296.2316    
 2021   297.3371       298.7123       299.2928       298.8329       298.3639       297.8938       297.2754       296.2823       295.6352       295.7428       295.6522       295.7846    
 2022   296.8582       297.9621       299.3973       298.9149       297.8865       297.0545       296.4637       296.2668       295.4137       294.9933       295.2213       296.1457    
 2023   297.5248       299.0728       299.7072       300.2504       300.2631       299.6680       299.3716       298.7130       298.2209       298.1481       298.3477       298.5810    
 2024   299.3608      -999.9000      -999.9000      -999.9000      -999.9000      -999.9000      -999.9000      -999.9000      -999.9000      -999.9000      -999.9000      -999.9000    
