# minimal_valid_fraction ::  30.00
# operating on monthly mean slp from the NCEP Reanalysis
# <a href=http://climexp.knmi.nl/select.cgi?field=nslp>climexp.knmi.nl/select.cgi?field=nslp</a>
# file :: NCEPNCAR40/slp.mon.mean.nc
# title :: spatial statistic of monthly mean slp from the NCEP Reanalysis
# description :: Data is from NMC initialized reanalysis\n(4x/day).  These are the 0.9950 sigma level values
# platform :: Model
# nco :: 20121012
# dataset_title :: NCEP-NCAR Reanalysis 1
# references :: http://www.psl.noaa.gov/data/gridded/data.ncep.reanalysis.derived.html
# institution :: KNMI Climate Explorer
# scripturl01 :: http://climexp.knmi.nl/get_index.cgi?email=someone@somewhere&field=nslp&gridpoints=false&intertype=nearest&lat1=-5&lat2=5&lon1=130&lon2=150&minfac=30
# history ::  2024-03-07 15:38:16 bin/get_index NCEPNCAR40/slp.mon.mean.nc 130 150 -5 5 dipole no minfac 30 nearest nslp_130-150E_-5-5N_n\nThu May  4 18:12:35 2000: ncrcat -d time,0,622 /Datasets/ncep.reanalysis.derived/surface/slp.mon.mean.nc ./surface/slp.mon.mean.nc\nMon Jul  5 23:22:35 1999: ncrcat slp.mon.mean.nc /Datasets/ncep.reanalysis.derived/surface/slp.mon.mean.nc /dm/dmwork/nmc.rean.ingest/combinedMMs/slp.mon.mean.nc\n/home/hoop/crdc/cpreanjuke2farm/cpreanjuke2farm Thu Oct 26 23:42:16 1995 from pre.sig995.85.nc\ncreated 95/02/06 by Hoop (netCDF2.3)\nConverted to chunked, deflated non-packed NetCDF4 2014/09
# ave_region :: lon=  128.750  151.250, lat=   -6.250    6.250
# averaging anomalies over region lon=  128.750  151.250, lat=   -6.250    6.250
# slp [millibars] Sea Level Pressure
 1948   1008.651       1009.432       1009.791       1010.141       1009.698       1010.043       1010.253       1009.538       1009.762       1009.660       1008.631       1008.998    
 1949   1009.010       1008.346       1008.280       1009.583       1009.189       1009.832       1009.836       1009.908       1009.740       1008.982       1008.117       1006.485    
 1950   1007.472       1007.393       1008.016       1007.732       1008.110       1008.939       1009.915       1010.025       1009.842       1009.334       1006.923       1006.626    
 1951   1008.506       1007.594       1008.436       1009.316       1010.206       1010.048       1009.501       1010.018       1009.451       1009.644       1008.125       1008.437    
 1952   1008.650       1008.158       1008.886       1009.790       1008.946       1009.408       1009.889       1009.466       1009.417       1008.444       1007.586       1008.840    
 1953   1008.957       1009.751       1008.665       1009.161       1010.239       1009.431       1010.206       1009.436       1010.107       1009.267       1008.620       1008.562    
 1954   1007.531       1008.936       1008.693       1008.558       1008.238       1009.141       1008.873       1008.945       1009.318       1009.233       1008.563       1006.855    
 1955   1009.328       1006.755       1008.171       1008.258       1008.449       1009.067       1009.474       1009.166       1008.878       1008.711       1007.139       1007.628    
 1956   1006.558       1007.418       1008.113       1007.729       1008.447       1009.130       1009.337       1008.885       1009.102       1008.808       1007.937       1007.013    
 1957   1007.723       1007.957       1009.050       1009.056       1009.358       1009.710       1008.943       1008.740       1009.595       1009.526       1008.942       1008.013    
 1958   1009.905       1009.898       1009.014       1008.671       1008.466       1008.680       1009.333       1008.715       1009.079       1008.220       1008.030       1008.333    
 1959   1008.666       1009.587       1008.832       1008.513       1008.597       1010.094       1009.790       1009.367       1008.877       1009.397       1007.689       1006.993    
 1960   1008.085       1008.361       1008.413       1008.135       1008.413       1009.121       1009.095       1009.264       1008.571       1008.870       1008.196       1007.920    
 1961   1007.343       1007.217       1009.010       1008.010       1008.464       1008.959       1009.350       1009.160       1008.948       1008.404       1008.655       1007.150    
 1962   1007.222       1008.428       1008.545       1008.438       1008.375       1009.289       1008.600       1010.008       1008.903       1008.747       1007.769       1008.257    
 1963   1007.713       1009.518       1008.176       1008.524       1008.315       1009.764       1009.565       1008.993       1009.776       1009.703       1009.533       1009.382    
 1964   1008.908       1008.209       1009.004       1008.452       1008.232       1008.920       1009.027       1008.928       1008.428       1008.540       1007.265       1007.919    
 1965   1007.795       1006.972       1008.669       1009.425       1008.816       1010.542       1009.782       1009.947       1009.695       1009.830       1009.626       1007.821    
 1966   1009.760       1009.065       1008.972       1008.940       1010.032       1010.658       1009.290       1009.877       1009.995       1009.459       1008.540       1007.695    
 1967   1007.337       1008.116       1008.223       1009.490       1009.114       1009.218       1009.083       1009.614       1009.992       1009.357       1008.497       1009.191    
 1968   1007.066       1008.777       1008.654       1009.470       1009.090       1010.097       1009.666       1009.924       1009.755       1009.545       1009.559       1008.041    
 1969   1008.081       1009.023       1009.741       1009.828       1009.193       1009.777       1009.745       1010.385       1009.101       1009.662       1008.698       1008.506    
 1970   1009.702       1009.019       1008.542       1009.478       1008.985       1009.362       1010.117       1009.303       1008.770       1007.922       1008.246       1006.902    
 1971   1007.483       1007.186       1008.019       1007.782       1008.672       1009.614       1009.012       1009.511       1009.093       1009.004       1008.367       1007.333    
 1972   1007.775       1007.757       1008.789       1009.571       1009.331       1009.233       1009.333       1010.467       1009.967       1010.345       1009.346       1009.932    
 1973   1009.759       1010.211       1009.504       1009.044       1009.671       1009.310       1009.454       1009.466       1010.121       1008.566       1007.697       1007.991    
 1974   1007.402       1007.344       1008.291       1008.372       1009.053       1009.384       1009.725       1009.385       1009.535       1008.459       1007.600       1007.713    
 1975   1008.422       1008.944       1008.898       1008.441       1009.139       1009.561       1009.617       1009.254       1009.239       1008.907       1007.881       1007.636    
 1976   1007.389       1008.230       1007.858       1009.170       1009.510       1009.622       1010.218       1010.510       1010.338       1009.570       1008.407       1008.113    
 1977   1008.239       1008.802       1009.520       1009.180       1009.796       1009.616       1008.798       1009.830       1010.231       1010.156       1009.538       1009.674    
 1978   1009.405       1010.557       1009.881       1009.726       1008.357       1009.391       1009.005       1009.498       1009.589       1008.764       1008.645       1008.789    
 1979   1009.139       1009.262       1009.579       1009.324       1009.795       1009.678       1011.208       1010.673       1010.172       1009.784       1008.668       1009.375    
 1980   1008.729       1009.303       1009.516       1009.330       1009.657       1010.135       1010.337       1010.573       1010.274       1009.956       1009.056       1008.449    
 1981   1008.839       1009.163       1010.989       1009.844       1009.372       1010.177       1009.473       1010.147       1009.708       1009.514       1008.653       1008.788    
 1982   1008.940       1009.203       1008.880       1009.827       1009.725       1010.509       1010.265       1010.653       1011.414       1010.633       1009.874       1010.163    
 1983   1011.330       1012.197       1012.128       1010.773       1010.478       1010.224       1010.155       1010.899       1010.045       1009.441       1009.562       1009.216    
 1984   1008.799       1007.928       1009.704       1009.397       1009.344       1009.723       1009.447       1009.476       1009.972       1009.246       1008.973       1006.826    
 1985   1008.627       1006.809       1008.266       1008.142       1008.008       1009.276       1010.183       1009.776       1009.628       1009.738       1008.519       1008.639    
 1986   1007.521       1009.288       1008.930       1008.838       1009.610       1008.976       1010.075       1008.888       1010.173       1010.576       1008.955       1009.694    
 1987   1009.472       1010.236       1011.095       1010.462       1010.716       1010.451       1011.078       1010.659       1010.922       1010.451       1009.060       1009.171    
 1988   1008.713       1008.810       1008.489       1009.754       1009.487       1010.238       1009.970       1010.377       1009.136       1008.306       1008.400       1008.352    
 1989   1007.232       1008.624       1008.786       1008.022       1008.920       1010.246       1009.710       1009.852       1009.952       1009.238       1008.574       1009.395    
 1990   1008.369       1010.876       1009.740       1009.275       1008.928       1009.385       1009.884       1009.891       1010.324       1010.112       1008.337       1008.884    
 1991   1008.873       1009.559       1009.484       1009.286       1009.710       1010.203       1010.254       1010.067       1010.670       1009.300       1009.727       1009.448    
 1992   1011.295       1010.620       1011.379       1010.334       1009.781       1009.119       1010.695       1010.219       1009.950       1009.058       1009.593       1009.628    
 1993   1009.686       1010.151       1010.242       1009.981       1010.069       1010.545       1009.850       1011.458       1011.058       1010.625       1008.779       1008.114    
 1994   1008.502       1008.605       1009.792       1009.403       1009.579       1009.598       1009.772       1010.658       1010.770       1010.808       1009.625       1009.634    
 1995   1009.780       1010.220       1009.492       1009.254       1009.683       1010.003       1009.735       1009.737       1010.471       1008.978       1008.851       1009.204    
 1996   1007.985       1007.988       1008.619       1009.116       1010.284       1010.172       1009.586       1010.359       1008.756       1009.172       1007.982       1007.022    
 1997   1009.345       1007.738       1010.028       1010.520       1010.229       1011.356       1010.309       1011.670       1012.314       1012.005       1011.739       1010.302    
 1998   1011.317       1012.614       1011.935       1011.410       1010.365       1010.307       1010.370       1010.586       1010.278       1009.598       1008.515       1008.161    
 1999   1007.382       1008.778       1007.697       1008.921       1009.594       1010.238       1009.741       1010.821       1010.556       1009.403       1008.411       1008.030    
 2000   1007.875       1008.364       1008.737       1008.905       1009.542       1009.787       1009.752       1009.547       1010.267       1008.615       1007.413       1007.272    
 2001   1008.334       1006.661       1008.984       1008.980       1009.751       1008.984       1009.823       1009.459       1010.068       1009.069       1008.217       1008.933    
 2002   1009.056       1009.621       1008.963       1008.888       1009.378       1009.313       1010.490       1009.814       1010.742       1009.170       1008.652       1009.676    
 2003   1009.618       1008.974       1009.762       1009.105       1008.954       1010.135       1009.898       1010.329       1010.472       1009.547       1008.188       1008.136    
 2004   1009.230       1008.577       1008.230       1008.983       1009.073       1009.807       1010.118       1010.177       1010.649       1009.741       1008.655       1008.363    
 2005   1008.220       1010.181       1009.955       1009.645       1009.512       1009.593       1009.765       1010.347       1009.870       1009.488       1008.144       1008.009    
 2006   1007.578       1008.439       1008.369       1008.871       1009.660       1009.293       1010.116       1009.949       1010.065       1010.271       1009.085       1008.502    
 2007   1008.823       1008.953       1008.744       1009.388       1009.620       1008.134       1009.772       1009.927       1008.998       1008.987       1007.158       1007.203    
 2008   1007.696       1008.193       1008.851       1008.462       1009.491       1009.797       1009.763       1009.935       1009.694       1009.607       1008.299       1007.694    
 2009   1008.476       1007.802       1008.831       1008.680       1008.623       1009.771       1009.080       1009.451       1009.039       1009.311       1007.606       1008.609    
 2010   1008.650       1010.348       1009.507       1009.801       1008.495       1009.769       1009.597       1009.811       1009.533       1008.567       1008.299       1006.467    
 2011   1007.119       1007.972       1007.936       1008.645       1008.900       1009.081       1009.235       1009.522       1010.079       1009.445       1007.822       1006.899    
 2012   1007.985       1007.842       1007.760       1009.522       1008.656       1009.533       1008.927       1010.347       1009.783       1009.332       1008.729       1007.973    
 2013   1008.450       1008.347       1009.048       1009.279       1009.557       1008.812       1009.133       1010.072       1009.421       1009.349       1008.342       1007.956    
 2014   1008.197       1008.216       1009.755       1009.070       1010.128       1009.324       1010.136       1010.614       1010.269       1009.801       1009.268       1008.552    
 2015   1009.215       1009.496       1010.383       1009.714       1010.528       1010.010       1011.213       1011.223       1011.129       1011.706       1009.590       1010.120    
 2016   1010.947       1010.272       1010.761       1010.005       1009.782       1010.112       1009.938       1009.779       1009.870       1009.166       1008.421       1008.109    
 2017   1007.908       1009.211       1009.822       1010.134       1009.869       1010.829       1010.759       1010.366       1010.417       1008.932       1007.591       1008.046    
 2018   1007.609       1008.956       1008.043       1009.186       1010.079       1011.125       1009.810       1010.286       1009.705       1010.480       1009.662       1008.257    
 2019   1008.634       1010.276       1009.497       1009.916       1010.012       1009.701       1010.360       1010.148       1011.546       1010.350       1009.222       1009.116    
 2020   1008.911       1010.209       1010.378       1010.622       1010.582       1010.260       1009.151       1009.705       1009.393       1008.715       1008.575       1007.831    
 2021   1007.419       1007.906       1008.659       1009.078       1008.626       1010.580       1009.389       1010.339       1009.400       1009.037       1007.879       1007.572    
 2022   1008.404       1007.861       1008.322       1008.185       1009.167       1009.088       1009.240       1009.115       1009.628       1008.641       1008.539       1007.206    
 2023   1007.962       1007.756       1009.258       1008.679       1009.504       1009.899       1009.850       1010.771       1009.923       1010.541       1008.994       1008.909    
 2024   1008.960      -999.9000      -999.9000      -999.9000      -999.9000      -999.9000      -999.9000      -999.9000      -999.9000      -999.9000      -999.9000      -999.9000    
