# minimal_valid_fraction ::  30.00
# operating on monthly mean uwnd.10m from the NCEP Reanalysis
# <a href=http://climexp.knmi.nl/select.cgi?field=nu10m>climexp.knmi.nl/select.cgi?field=nu10m</a>
# file :: NCEPNCAR40/uwnd.10m.mon.mean.nc
# title :: spatial statistic of monthly mean uwnd.10m from the NCEP Reanalysis
# description :: Data is from NMC initialized reanalysis\n(4x/day).  It consists of T62 variables interpolated to\npressure surfaces from model (sigma) surface
# platform :: Model
# nco :: 20121013
# dataset_title :: NCEP-NCAR Reanalysis 1
# references :: http://www.psl.noaa.gov/data/gridded/data.ncep.reanalysis.derived.html
# institution :: KNMI Climate Explorer
# scripturl01 :: http://climexp.knmi.nl/get_index.cgi?email=someone@somewhere&field=nu10m&gridpoints=false&intertype=nearest&lat1=-5&lat2=5&lon1=-180&lon2=-130&minfac=30
# history ::  2024-03-07 15:39:27 bin/get_index NCEPNCAR40/uwnd.10m.mon.mean.nc -180 -130 -5 5 dipole no minfac 30 nearest nu10m_-180--130E_-5-5N_n\nrenamevars Thu Feb  1 09:41:58 2001 from uwnd10m.mon.mean.nc\nTue Jul  6 00:21:54 1999: ncrcat uwnd10m.mon.mean.nc /Datasets/ncep.reanalysis.derived/surface_gauss/uwnd10m.mon.mean.nc /dm/dmwork/nmc.rean.ingest/combinedMMs/uwnd10m.mon.mean.nc\ncreated 97/10/04 by CAS (netCDF2.3)\nConverted to chunked, deflated non-packed NetCDF4 2014/09
# ave_region :: lon=  179.062  229.688, lat=   -5.714    5.714
# averaging anomalies over region lon=  179.062  229.688, lat=   -5.714    5.714
# uwnd [m/s] Monthly Mean of U-Wind
 1948  -4.553336      -3.998860      -2.374046      -2.484134      -3.385172      -4.466845      -5.068819      -5.494701      -5.540323      -5.749019      -5.642142      -5.590520    
 1949  -5.693271      -5.458938      -4.193329      -4.176229      -4.446043      -4.803716      -5.400918      -5.530042      -5.672568      -6.146209      -6.427808      -6.799696    
 1950  -6.579701      -6.775282      -6.224912      -5.079217      -5.528678      -5.701763      -5.796574      -5.799173      -6.203408      -6.140204      -6.351248      -6.582386    
 1951  -6.590753      -5.838571      -4.859891      -4.827953      -4.528849      -4.473543      -5.156977      -5.253357      -5.908468      -5.243695      -5.791079      -5.965961    
 1952  -6.223820      -5.725952      -5.228677      -4.591865      -5.281579      -5.468904      -5.788471      -5.749835      -5.665273      -6.228738      -5.765896      -6.160529    
 1953  -6.049239      -4.844672      -4.694389      -4.573049      -4.134993      -4.891336      -5.287310      -5.465127      -5.635430      -5.667018      -6.220206      -6.060335    
 1954  -6.030414      -5.477918      -5.223347      -5.431285      -5.236217      -5.298166      -6.206513      -6.593344      -6.360060      -5.938322      -5.863873      -6.661236    
 1955  -6.484824      -5.985140      -5.549620      -4.453552      -5.371848      -5.453049      -5.935452      -6.711565      -7.137284      -6.986117      -7.206029      -6.747725    
 1956  -6.320938      -5.691353      -5.771675      -4.880232      -5.325376      -5.509051      -5.960161      -6.274806      -5.781355      -6.134224      -5.741042      -5.872241    
 1957  -5.930276      -5.598214      -4.633760      -4.150445      -3.912447      -3.896219      -4.959516      -4.745620      -4.596842      -4.359603      -3.405390      -3.883256    
 1958  -3.644639      -3.731858      -3.228833      -4.262227      -4.682525      -5.115546      -5.380238      -5.776093      -5.296967      -5.407190      -4.980218      -4.515237    
 1959  -4.739204      -4.142274      -4.516083      -3.692126      -4.738881      -4.632146      -5.238814      -5.421836      -5.893795      -5.526603      -5.885817      -5.691904    
 1960  -5.644876      -5.248449      -4.288618      -4.389129      -4.863400      -4.892076      -5.997694      -5.546734      -5.897187      -5.599436      -6.309857      -5.830588    
 1961  -5.729303      -5.571338      -4.785894      -4.497964      -4.642805      -4.693508      -5.422072      -6.199115      -5.800210      -5.666674      -5.701496      -6.014160    
 1962  -6.320118      -5.367847      -4.811164      -5.276336      -5.904438      -5.217896      -6.094811      -6.215150      -6.209066      -6.399608      -6.024719      -6.053476    
 1963  -5.875582      -5.053695      -4.672568      -3.998765      -4.762854      -3.930822      -4.414735      -5.271671      -4.688932      -4.651845      -4.084135      -4.314074    
 1964  -4.738533      -4.867320      -4.501275      -5.158367      -5.494990      -5.585208      -5.960484      -6.196297      -6.140910      -6.016178      -5.749879      -5.601101    
 1965  -5.244315      -4.987221      -3.581854      -3.517591      -3.647590      -3.395351      -4.110896      -4.120680      -3.961614      -3.850519      -3.493083      -3.953995    
 1966  -3.679148      -3.688293      -3.276162      -3.845137      -4.084151      -4.612875      -5.589049      -5.980997      -5.454243      -5.554396      -5.413246      -5.615572    
 1967  -6.147093      -5.291199      -4.196755      -4.303221      -4.635345      -5.126884      -5.562541      -5.761752      -5.601820      -5.327467      -5.293595      -4.879080    
 1968  -5.987896      -5.579418      -5.581733      -3.588645      -4.206110      -4.344238      -5.249472      -5.279043      -4.934048      -4.778838      -4.316297      -4.742910    
 1969  -4.134326      -3.547014      -4.153994      -3.401320      -4.503335      -4.329985      -5.462343      -4.805990      -5.060149      -4.175124      -5.078690      -4.835917    
 1970  -5.209064      -4.800635      -4.545559      -3.955318      -4.549560      -5.326349      -5.863106      -6.826567      -6.137707      -6.302887      -6.081576      -6.343116    
 1971  -5.688813      -6.264900      -4.990221      -4.478653      -5.018525      -5.319107      -5.691773      -5.919038      -6.036222      -6.309356      -5.424037      -5.494311    
 1972  -5.318761      -5.546511      -4.109802      -3.099720      -3.745203      -4.516491      -4.278212      -3.760669      -3.844413      -3.085763      -3.067795      -3.389592    
 1973  -3.739091      -4.059798      -4.011982      -3.822358      -4.468482      -5.229284      -4.914615      -6.001895      -5.794989      -5.466865      -6.205356      -6.394904    
 1974  -5.211874      -5.995472      -4.465971      -4.418099      -4.734877      -4.733728      -5.918175      -5.744351      -5.692401      -5.259622      -4.918604      -5.330353    
 1975  -4.951959      -4.919642      -4.282355      -4.289315      -4.674844      -5.290020      -5.476197      -5.943889      -6.197172      -5.628146      -5.786875      -6.120227    
 1976  -5.454075      -5.510724      -4.588169      -4.002480      -4.009734      -4.126947      -4.250086      -4.531769      -3.937556      -4.330961      -3.969445      -4.104534    
 1977  -4.557085      -4.776082      -3.481339      -3.823946      -3.880059      -4.312381      -5.089494      -5.060213      -4.528743      -4.645406      -4.237866      -3.516026    
 1978  -5.234869      -4.179091      -4.566653      -3.880515      -4.624441      -4.978045      -5.184004      -5.440972      -5.318788      -4.552580      -4.382747      -4.524556    
 1979  -4.271896      -4.855039      -4.379055      -3.660958      -3.959479      -4.898324      -4.105494      -3.767659      -4.231575      -3.613654      -4.404370      -3.851250    
 1980  -3.867242      -4.024142      -2.587219      -3.424853      -3.183642      -4.212014      -4.759757      -5.369690      -5.001791      -5.096786      -4.607141      -4.877686    
 1981  -5.296349      -4.272816      -4.861563      -3.449809      -4.712306      -4.720655      -5.703391      -4.637241      -5.747373      -4.528977      -4.790285      -4.747789    
 1982  -4.938295      -4.076852      -3.971519      -3.223220      -3.444292      -3.755620      -4.008291      -3.867013      -3.096832      -1.926827      -1.535863      -1.661740    
 1983  -2.417616      -2.553895      -1.809606      -1.578827      -2.417771      -3.572399      -4.223382      -4.228571      -4.395720      -4.274238      -4.442999      -5.272470    
 1984  -5.248113      -5.059772      -3.732462      -4.265571      -4.204804      -4.456480      -5.108119      -4.786376      -4.695003      -4.959620      -5.104215      -5.334846    
 1985  -5.037821      -5.865381      -4.922953      -3.911979      -4.547937      -4.237701      -4.446846      -4.960006      -4.850118      -3.836949      -4.664567      -5.138789    
 1986  -5.714792      -4.779274      -4.875107      -3.860318      -3.753399      -5.145378      -4.512528      -4.133445      -4.284606      -4.689257      -3.465744      -4.510699    
 1987  -4.356581      -3.700124      -3.450180      -2.536527      -2.267627      -3.567349      -3.152091      -3.947066      -4.087022      -3.733940      -3.967870      -4.307959    
 1988  -4.971954      -4.455567      -4.723419      -3.876932      -4.742998      -5.064344      -5.948841      -5.251491      -6.164052      -5.828815      -5.777929      -5.756647    
 1989  -5.882346      -4.928842      -4.686087      -4.406691      -4.771223      -4.644272      -5.217420      -5.032322      -4.661069      -5.045818      -5.071840      -5.033843    
 1990  -4.754774      -4.241511      -4.361528      -4.057927      -4.461013      -4.549489      -4.785083      -5.241436      -4.714317      -4.530103      -4.877405      -4.481303    
 1991  -5.145854      -4.737477      -4.058107      -3.956578      -3.839563      -3.768264      -4.362178      -4.565155      -3.767522      -3.875853      -3.276067      -2.898005    
 1992  -2.504675      -3.011148      -2.372757      -2.368141      -3.042053      -4.070859      -4.078491      -5.011772      -4.179710      -4.981855      -3.064380      -4.241679    
 1993  -3.933983      -3.338089      -3.767942      -3.158029      -3.485816      -3.507442      -4.520061      -3.937275      -4.079092      -3.809578      -4.306321      -4.705310    
 1994  -5.066033      -4.777256      -4.124750      -3.907148      -3.768478      -4.500547      -4.399459      -4.462617      -3.991663      -3.166557      -3.361461      -4.457447    
 1995  -4.932984      -3.978113      -4.531132      -3.864342      -4.453574      -4.454569      -4.999372      -5.456118      -5.245968      -4.938140      -5.066934      -5.202994    
 1996  -5.685076      -5.346019      -4.810617      -4.110213      -4.456589      -4.784962      -5.288580      -4.741068      -4.953109      -4.882648      -4.471496      -5.441929    
 1997  -5.400497      -5.459823      -4.281716      -3.568011      -3.355468      -2.242404      -4.000709      -2.211026      -1.788345     -0.4698787     -0.9634278      -2.867459    
 1998  -2.748314      -2.786218      -2.209705      -2.204171      -3.587354      -4.286912      -4.372504      -4.355307      -4.263783      -4.617017      -5.295315      -5.918140    
 1999  -6.015184      -5.258039      -4.928124      -4.729056      -4.844129      -4.692959      -5.824796      -5.306500      -4.256244      -5.375287      -5.558012      -5.667953    
 2000  -5.979953      -5.965675      -4.615321      -4.528749      -4.340644      -4.983707      -4.665732      -5.627020      -4.459639      -5.394270      -5.058315      -5.141446    
 2001  -5.740922      -5.402398      -4.558089      -4.154981      -4.079745      -4.649002      -4.692987      -5.045228      -4.556060      -4.518654      -5.212953      -5.055984    
 2002  -4.987475      -4.888410      -4.872418      -4.094926      -3.567029      -4.613232      -3.617587      -4.461698      -3.390727      -3.776639      -4.868135      -4.223068    
 2003  -4.534686      -4.230901      -4.428479      -4.355047      -4.250523      -3.705887      -4.983341      -4.211077      -4.246899      -4.134419      -4.440410      -5.496239    
 2004  -4.726915      -5.237499      -4.603402      -4.618130      -4.475296      -4.754575      -4.006995      -4.689957      -4.669600      -4.515165      -4.488259      -4.374442    
 2005  -5.414967      -4.394251      -4.609790      -4.644979      -4.218579      -4.598364      -5.359283      -4.419349      -4.671157      -5.230012      -5.068285      -5.885467    
 2006  -5.954799      -5.130946      -4.714097      -4.702633      -3.947334      -5.090405      -4.533486      -4.438949      -5.020844      -3.638149      -3.963284      -5.261948    
 2007  -5.454012      -5.401770      -5.092347      -4.887921      -4.341841      -5.622451      -4.736890      -5.613222      -6.101684      -5.266547      -6.022743      -6.276124    
 2008  -6.319790      -5.667723      -4.781403      -4.733351      -4.470485      -4.686177      -5.067287      -5.050948      -4.901866      -4.884888      -5.530731      -5.852158    
 2009  -5.482970      -5.313634      -4.345397      -4.298513      -4.159972      -3.895594      -5.445195      -4.398968      -5.257167      -2.791513      -4.190681      -3.739332    
 2010  -4.552273      -3.593712      -4.491426      -4.098862      -4.750132      -4.747837      -5.184091      -5.519041      -5.318079      -5.773517      -5.459208      -6.860281    
 2011  -5.827398      -5.538013      -5.513173      -4.893944      -4.697242      -5.159811      -5.473677      -5.409489      -5.779879      -4.434599      -5.303692      -6.053384    
 2012  -5.924194      -5.008330      -4.866999      -4.478230      -4.701456      -4.065888      -4.962573      -4.688132      -5.046523      -3.855753      -4.970654      -5.042848    
 2013  -5.307928      -5.367188      -4.756314      -4.667785      -4.092460      -4.433467      -4.814588      -4.223173      -4.766983      -3.791482      -4.259248      -5.141704    
 2014  -4.983837      -4.183321      -4.361427      -3.271823      -3.589068      -4.393377      -4.565905      -3.944093      -4.198284      -3.872185      -3.561037      -4.545633    
 2015  -4.104489      -4.274203      -4.459321      -3.138625      -2.662887      -3.383389      -1.947824      -2.445589      -2.760090      -1.447618      -2.516740      -3.235565    
 2016  -2.435307      -4.079832      -3.947331      -3.590753      -4.139252      -3.820670      -4.336332      -4.880886      -4.871395      -4.298151      -4.115520      -4.567422    
 2017  -5.365071      -5.003473      -5.132099      -3.914565      -4.266230      -4.008611      -5.222958      -4.902804      -5.173908      -4.747767      -5.603424      -5.186053    
 2018  -5.971145      -5.028140      -5.283140      -5.044118      -4.386170      -3.546050      -5.230488      -4.527255      -4.251322      -3.898771      -4.277043      -5.152394    
 2019  -5.002048      -4.368302      -4.268651      -4.519055      -3.608392      -5.164511      -4.544695      -5.809667      -3.834390      -4.574124      -4.359365      -4.825635    
 2020  -5.310225      -4.954250      -5.127413      -5.039099      -4.961459      -4.435582      -6.013303      -5.512595      -6.270374      -6.120210      -5.612270      -6.112604    
 2021  -6.110946      -5.825123      -4.847392      -5.026563      -5.907730      -4.469075      -6.406241      -5.437470      -6.408512      -5.213531      -5.831833      -6.328117    
 2022  -5.726151      -6.645957      -5.909940      -5.305367      -5.172019      -5.383348      -6.450933      -6.028916      -5.859719      -6.220724      -5.585085      -6.501001    
 2023  -5.979528      -5.873944      -5.030308      -4.583481      -4.619688      -4.836197      -5.582893      -4.573607      -4.641687      -3.996062      -3.367315      -3.818921    
 2024  -5.102651      -999.9000      -999.9000      -999.9000      -999.9000      -999.9000      -999.9000      -999.9000      -999.9000      -999.9000      -999.9000      -999.9000    
